+----+-----+------+------+--------+---------+---------+
|    |   0 |    1 |    2 |   wins |   $/100 |   total |
+====+=====+======+======+========+=========+=========+
|  0 |  -6 | -148 |   98 |      4 |     -13 |    -563 |
+----+-----+------+------+--------+---------+---------+
|  1 | 165 |   91 |   78 |     10 |      86 |    3328 |
+----+-----+------+------+--------+---------+---------+
|  2 | -60 |  -56 | -121 |      2 |     -58 |   -2374 |
+----+-----+------+------+--------+---------+---------+
|  3 | -63 |  278 |  -40 |      6 |      45 |    1752 |
+----+-----+------+------+--------+---------+---------+
|  4 | -37 |  -24 |  110 |      5 |      13 |     487 |
+----+-----+------+------+--------+---------+---------+
|  5 |   1 | -140 | -124 |      3 |     -65 |   -2630 |
+----+-----+------+------+--------+---------+---------+