+----+-----+-----+-----+--------+----------+---------+
|    |   0 |   1 |   2 |   wins |   bb/100 |   total |
+====+=====+=====+=====+========+==========+=========+
|  0 |  -3 | -74 |  49 |      4 |       -6 |    -563 |
+----+-----+-----+-----+--------+----------+---------+
|  1 |  82 |  45 |  39 |     10 |       44 |    3328 |
+----+-----+-----+-----+--------+----------+---------+
|  2 | -30 | -28 | -61 |      2 |      -29 |   -2374 |
+----+-----+-----+-----+--------+----------+---------+
|  3 | -31 | 139 | -20 |      6 |       23 |    1752 |
+----+-----+-----+-----+--------+----------+---------+
|  4 | -19 | -12 |  55 |      5 |        7 |     487 |
+----+-----+-----+-----+--------+----------+---------+
|  5 |   1 | -70 | -62 |      3 |      -32 |   -2630 |
+----+-----+-----+-----+--------+----------+---------+